7.533975059999999943e-06 2.749084820938928040e-06 2.749084820938928040e-06 2.784447521272556445e-06
8.053405380000000296e-06 2.932103578190852947e-06 2.932103578190852947e-06 2.969820530171734730e-06
8.608602420000000777e-06 3.127290750443999650e-06 3.127290750443999650e-06 3.167518481804543842e-06
9.202072559999999941e-06 3.335470684447952145e-06 3.335470684447952145e-06 3.378376326859324680e-06
9.836457660000000753e-06 3.557509464083316548e-06 3.557509464083316548e-06 3.603271290038712495e-06
1.051453506000000042e-05 3.794314546683096781e-06 3.794314546683096781e-06 3.843122501702853419e-06
1.123942080000000040e-05 4.046905146099142652e-06 4.046905146099142652e-06 4.098962286304532742e-06
1.201423092000000045e-05 4.316293476763693504e-06 4.316293476763693504e-06 4.371815878840273212e-06
1.284248790000000171e-05 4.603625794793970177e-06 4.603625794793970177e-06 4.662844280229375004e-06
1.372784970000000123e-05 4.910087354761771755e-06 4.910087354761771755e-06 4.973247991500174020e-06
1.467424524000000152e-05 5.236948853719157093e-06 5.236948853719157093e-06 5.304314055245881840e-06
1.568587440000000034e-05 5.585565631091816559e-06 5.585565631091816559e-06 5.657415245225824451e-06
1.676720801999999919e-05 5.957376886924895742e-06 5.957376886924895742e-06 6.034009274555212870e-06
1.792312338000000093e-05 6.353951349057345910e-06 6.353951349057345910e-06 6.435685050316674956e-06
1.915876872000000031e-05 6.776939688696357903e-06 6.776939688696357903e-06 6.864114477035043402e-06
2.047956324000000088e-05 7.228073800693874274e-06 7.228073800693874274e-06 7.321051727695773190e-06
2.189140032000000302e-05 7.709235287927974166e-06 7.709235287927974166e-06 7.808402609071351622e-06
2.340057977999999997e-05 8.222431009110700830e-06 8.222389857398571553e-06 8.328199794989708067e-06
2.501374013999999770e-05 8.769768961523803310e-06 8.769725070488738609e-06 8.882578398838873558e-06
2.673819731999999713e-05 9.353571943842589498e-06 9.353525130984007276e-06 9.473891098486268638e-06
2.858153820000000121e-05 9.976238296272660211e-06 9.976188367086747321e-06 1.010451683576304515e-05
3.055189158000000003e-05 1.064033256532299725e-05 1.064027931247086554e-05 1.077715029968701841e-05
3.265813140000000287e-05 1.134865222767717139e-05 1.134859542981909304e-05 1.149457782505335244e-05
3.490953803999999832e-05 1.210405132193900272e-05 1.210405132193900272e-05 1.225975150659553360e-05
3.731613702000000093e-05 1.290979104423510645e-05 1.290972643301081735e-05 1.307585584320215420e-05
3.988869900000000039e-05 1.376918592396599120e-05 1.376911701162210165e-05 1.394630552912213520e-05
4.263860429999999434e-05 1.468578731733863415e-05 1.468571381756664418e-05 1.487469760335102481e-05
4.557804612000000011e-05 1.566339253714292936e-05 1.566323575231215822e-05 1.586479933022093587e-05
4.872016602000000152e-05 1.670608747472592090e-05 1.670592025290016541e-05 1.692090169809332871e-05
5.207891843999999529e-05 1.781819905990606861e-05 1.781793152975681677e-05 1.804731330336075182e-05
5.566913844000000172e-05 1.900422032857309755e-05 1.900403010280193755e-05 1.924868129159583435e-05
5.950694814000000675e-05 2.026931601337797026e-05 2.026901168033679750e-05 2.052994845139659294e-05
6.360928254000000246e-05 2.161861086187645835e-05 2.161828626988800164e-05 2.189659317029712658e-05
6.799470240000000671e-05 2.305781640705899461e-05 2.305735480644027021e-05 2.335418855992578462e-05
7.268163299999999571e-05 2.459243775134379759e-05 2.459194542749627545e-05 2.490865972422546076e-05
7.769236079999999845e-05 2.622956368741791893e-05 2.622890731574756851e-05 2.656670453531185142e-05
8.304856260000000208e-05 2.797554352532679578e-05 2.797484346030085415e-05 2.833526808227827536e-05
8.877394740000000227e-05 2.983786851535280579e-05 2.983697251465673342e-05 3.022138955536183929e-05
9.489425639999998969e-05 3.182407844673987301e-05 3.182296352670283587e-05 3.223313026279873815e-05
1.014359082000000075e-04 3.394247732579066341e-05 3.394094844084833665e-05 3.437858708390232097e-05
1.084287083999999957e-04 3.620177002427146567e-05 3.619995818734790343e-05 3.666690946154767445e-05
1.159038173999999994e-04 3.861152341909864535e-05 3.860939773136521302e-05 3.910743140027217766e-05
1.238937504000000060e-04 4.118151625799487442e-05 4.117883687048064001e-05 4.171043332858976558e-05
1.324350870000000065e-04 4.392276418978449508e-05 4.391968661874217299e-05 4.448666880798885642e-05
1.415650841999999902e-04 4.684618930073419145e-05 4.684243796679771242e-05 4.744762947909547782e-05
1.513243859999999924e-04 4.996440695951743388e-05 4.995965573811322349e-05 5.060563067351979725e-05
1.617563460000000144e-04 5.328987260317728753e-05 5.328427172670654495e-05 5.397350905914153322e-05
1.729077047999999950e-04 5.683674749639974142e-05 5.682992044740116714e-05 5.756560289803632673e-05
1.848279125999999749e-04 6.061972205714855251e-05 6.061122703466161196e-05 6.139678761677527287e-05
1.975698065999999860e-04 6.465413419981291864e-05 6.464410301608391714e-05 6.548259622279332568e-05
2.111902883999999966e-04 6.895710186586713844e-05 6.894467744268279754e-05 6.984036036083223430e-05
2.257496465999999930e-04 7.354640957299592424e-05 7.353094971501706028e-05 7.448771781811447151e-05
2.413129115999999776e-04 7.844081742871369435e-05 7.842236573095325578e-05 7.944398823470787032e-05
2.579485008000000253e-04 8.366033010583938715e-05 8.363771954541191357e-05 8.472942328305974762e-05
2.757309282000000063e-04 8.922715840017197140e-05 8.919991718226427115e-05 9.036650533459034346e-05
2.947401269999999672e-04 9.516468531312814423e-05 9.513086841364929195e-05 9.637794667530409512e-05
3.150587399999999752e-04 1.014959596161718879e-04 1.014548128633640568e-04 1.027889390611321917e-04
3.367788936000000195e-04 1.082481670047714733e-04 1.081983230046090858e-04 1.096250108779230688e-04
3.599961011999999998e-04 1.154494740060275833e-04 1.153882243831341167e-04 1.169156168989646927e-04
3.848140050000000128e-04 1.231286601806452492e-04 1.230547082947982651e-04 1.246892623672160724e-04
4.113423437999999500e-04 1.313171638523513002e-04 1.312271198654450257e-04 1.329782943236120722e-04
4.397003400000000051e-04 1.400497915099510875e-04 1.399404403183879980e-04 1.418172123162768654e-04
4.700126351999999786e-04 1.493621766562069669e-04 1.492276117657895154e-04 1.512411659445444395e-04
5.024147093999999699e-04 1.592914097471707262e-04 1.591279654679625584e-04 1.612889753092976435e-04
5.370508488000000835e-04 1.698791063105449528e-04 1.696792878191653105e-04 1.720018440010953804e-04
5.740748231999999668e-04 1.811669238930739632e-04 1.809248067086590523e-04 1.834217126695431076e-04
6.136512408000000538e-04 1.932028473691774413e-04 1.929078926753548067e-04 1.955959041840480686e-04
6.559555481999999925e-04 2.060351389920700254e-04 2.056741805137341785e-04 2.085727855113543073e-04
7.011767399999999399e-04 2.197143771935951826e-04 2.192755550912011981e-04 2.224030159137909606e-04
7.495160040000000768e-04 2.342961129637032730e-04 2.337613056459240978e-04 2.371433909899266766e-04
8.011880760000000086e-04 2.498394169106224168e-04 2.491878223264574685e-04 2.528507319717630342e-04
8.564164979999999965e-04 2.664040661810361619e-04 2.656105613265629219e-04 2.695845505418927404e-04
9.154586820000000557e-04 2.840590074133553288e-04 2.830934340907900011e-04 2.874120882282536066e-04
9.785720400000000926e-04 3.028720341776509808e-04 3.016953915763990091e-04 3.064019628427767906e-04
1.046034306000000018e-03 3.229157826107008074e-04 3.214817617689732935e-04 3.266230341996458888e-04
1.118143536000000072e-03 3.442675766264336021e-04 3.425197526826729210e-04 3.481513560437326854e-04
1.195231655999999922e-03 3.670114441593394484e-04 3.648834199412476112e-04 3.710695157577757557e-04
1.277623818000000067e-03 3.912272068011899556e-04 3.886353808903461951e-04 3.954535963704077926e-04
1.365706139999999826e-03 4.170124108546092567e-04 4.138569511690592495e-04 4.213946593950443288e-04
1.459857965999999995e-03 4.444559278547798920e-04 4.406161634264163453e-04 4.489780070369111978e-04
1.560499283999999863e-03 4.736574177497215291e-04 4.689837300785648969e-04 4.782969180011427293e-04
1.668077177999999954e-03 5.047185570635416996e-04 4.990299093061812503e-04 5.094455145516302253e-04
1.783072602000000109e-03 5.377464748338317297e-04 5.308253944373827809e-04 5.425166383850727175e-04
1.905993606000000104e-03 5.728483241131938995e-04 5.644267313485927225e-04 5.776060050933576329e-04
2.037395657999999977e-03 6.101417627392215258e-04 5.998984589550779029e-04 6.148149866918166699e-04
2.177847774000000059e-03 6.497289540065985698e-04 6.372753214771087948e-04 6.542330932928808488e-04
2.327986709999999970e-03 6.917350997577002185e-04 6.765973580451858666e-04 6.959540091188216220e-04
2.488476317999999913e-03 7.362701037772345506e-04 7.178758931571061971e-04 7.400610518114580927e-04
2.660034641999999960e-03 7.834424325663919648e-04 7.611017620912672926e-04 7.866320066986821902e-04
2.843413595999999717e-03 8.333629877036013425e-04 8.062421589253048653e-04 8.357340787678414025e-04
3.039432834000000035e-03 8.861330427138198887e-04 8.532241395306039509e-04 8.874220923603347820e-04
3.248966202000000327e-03 9.418388829635114057e-04 9.019385465393567640e-04 9.417193770966963582e-04
3.472948512000000130e-03 1.000563300193461121e-03 9.522104653594479088e-04 9.986458477119824692e-04
3.712375542000000399e-03 1.062356930496292191e-03 1.003821523651080190e-03 1.058169847915424585e-03
3.968297261999999791e-03 1.127260755338516931e-03 1.056458556800698566e-03 1.120226509643514230e-03
4.241872026000000594e-03 1.195277377286434531e-03 1.109727296045164317e-03 1.184727043405999500e-03
4.534298832000000119e-03 1.266370861105754145e-03 1.163132911335567655e-03 1.251495368853597226e-03
4.846891836000000002e-03 1.340467457550811826e-03 1.216054699349956034e-03 1.320318294806642869e-03
5.181032934000000083e-03 1.417432110434078919e-03 1.267727785279844149e-03 1.390890552271272645e-03
5.538212405999999935e-03 1.497059944825181654e-03 1.317258673858219195e-03 1.462832194019868812e-03
5.920008594000000270e-03 1.579072257280338251e-03 1.363564663181253672e-03 1.535663979713388586e-03
6.328128546000000992e-03 1.663106744738282678e-03 1.405397218815335279e-03 1.608812562171143016e-03
6.764380919999999318e-03 1.748686224034674440e-03 1.441337351514954514e-03 1.681582666615149841e-03
7.230703080000000331e-03 1.835236622748061524e-03 1.469776477393916611e-03 1.753169041546928392e-03
7.729201739999999425e-03 1.922044101334678635e-03 1.488983196837773224e-03 1.822646987453030616e-03
8.262044579999999055e-03 2.008261024052382382e-03 1.497099601844986390e-03 1.888969211161777408e-03
8.831602500000000633e-03 2.092909640957553961e-03 1.492218374750192917e-03 1.951010014848357770e-03
9.440449620000001055e-03 2.174880024566173877e-03 1.472489329901276655e-03 2.007533589980432711e-03
1.009129553999999970e-02 2.252931294701445656e-03 1.436275840667219743e-03 2.057277095342348750e-03
1.078698533999999931e-02 2.325679690962788489e-03 1.382230579818630959e-03 2.098913812424021714e-03
1.153063505999999891e-02 2.391726439744115522e-03 1.309599803994095308e-03 2.131162206992639422e-03
1.232549622000000088e-02 2.449479164658041608e-03 1.218280650702171152e-03 2.152751543928609242e-03
1.317522678000000030e-02 2.497595948509063850e-03 1.109508382516559595e-03 2.162711580891294155e-03
1.408348469999999922e-02 2.534571270063682574e-03 9.854206088273208958e-04 2.160017106201040770e-03
1.505440211999999923e-02 2.559124600970892269e-03 8.496159922081243264e-04 2.144010663895868415e-03
1.609224666000000012e-02 2.570112348221048181e-03 7.070545979460606499e-04 2.114284335345452924e-03
1.720162463999999961e-02 2.566716231863406649e-03 5.638564749413752398e-04 2.070781261389347504e-03
1.838748108000000034e-02 2.548375273211532250e-03 4.269125874934892356e-04 2.013958314379485706e-03
1.965509970000000120e-02 2.514935407550387362e-03 3.031516713725827838e-04 1.944787364326601561e-03
2.101010291999999904e-02 2.466601389670250617e-03 1.985968222159525704e-04 1.864934865740594397e-03
2.245851960000000078e-02 2.404030144873756363e-03 1.173247612205308811e-04 1.776717642600534556e-03
2.400678504000000255e-02 2.328292122154633232e-03 6.054845864829143490e-05 1.683222583075724265e-03
2.566180872000000182e-02 2.240880490160836614e-03 2.612742453577758777e-05 1.587906618296685592e-03
2.743090655999999919e-02 2.143673895761334484e-03 9.007812009162099461e-06 1.494423514425450737e-03
2.932200413999999991e-02 2.038948070252692181e-03 2.617865232851450691e-06 1.405989302389533402e-03
3.134343347999999502e-02 1.929178790779675608e-03 1.190006225915682709e-06 1.325020225493260670e-03
3.350420399999999577e-02 1.816826637960338971e-03 2.186219711619913300e-06 1.252686028255506909e-03
3.581393478000000075e-02 1.704359813742552200e-03 7.477463779479996617e-06 1.189008571857825278e-03
3.828292230000000101e-02 1.593862463946366928e-03 2.186787709646870591e-05 1.132744884564096432e-03
4.092214044000000439e-02 1.486958564394673171e-03 4.863786442894709881e-05 1.081404065010250874e-03
4.374330821999999896e-02 1.384917195528162503e-03 8.415816875999874915e-05 1.031384877046737742e-03
4.675888980000000167e-02 1.287790616738994755e-03 1.155478583194225183e-04 9.775031766330853373e-04
4.998243317999999380e-02 1.194804532576973239e-03 1.260107879389525502e-04 9.150150120631022873e-04
5.342816375999999423e-02 1.105272715853556579e-03 1.069700598750023229e-04 8.422142698792167226e-04
5.711145852000000522e-02 1.018714018540071813e-03 6.740812897296723683e-05 7.615107259780149731e-04
6.104864279999999699e-02 9.348776405927658722e-04 2.893347329064313637e-05 6.786904848612274705e-04
6.525732900000000281e-02 8.538244338650554169e-04 7.586238734792155802e-06 6.015144041868076543e-04
6.975594239999999280e-02 7.763533196006613913e-04 1.692669630191249091e-06 5.373704626831330312e-04
7.456480499999999789e-02 7.039295639586464403e-04 2.505482719109999169e-06 4.896269517927576229e-04
7.970559359999999927e-02 6.375892633908985391e-04 1.110067348174873998e-05 4.554187862590389105e-04
8.519998499999999197e-02 5.770930675235995443e-04 2.906468577026349713e-05 4.263141037391516121e-04
9.107372040000000224e-02 5.215047691263985288e-04 3.965608591701239732e-05 3.923866966231952659e-04
9.735254100000000077e-02 4.697978370255311768e-04 2.821505483212965101e-05 3.496259463386843370e-04
1.040635428000000057e-01 4.212336478040484920e-04 1.003877591724096660e-05 3.033526644901401634e-04
1.112378861999999968e-01 3.762768589863964308e-04 2.773093442738576205e-06 2.642508648677334188e-04
1.189067315999999958e-01 3.357817366358791422e-04 4.021778816807449825e-06 2.378616656540226166e-04
1.271039489999999939e-01 2.996589897832301584e-04 1.151306812052273825e-05 2.190950119774135699e-04
1.358661180000000079e-01 2.670076445343146868e-04 1.473668568791318298e-05 1.979801043816133501e-04
1.452325278000000108e-01 2.368200592737355501e-04 7.458238099547048016e-06 1.719837217222393820e-04
1.552451772000000008e-01 2.093474247065821856e-04 3.022131215651621689e-06 1.488821167890700076e-04
1.659474197999999956e-01 1.850697365399379263e-04 4.478108080958774419e-06 1.333334253628568273e-04
1.773880283999999807e-01 1.635635854080810662e-04 6.817330648002720817e-06 1.199402723180189039e-04
1.896164532000000069e-01 1.439922460338025566e-04 4.223746321466076175e-06 1.043341214941794707e-04
2.026889184000000010e-01 1.264208798187359316e-04 2.675581103096685011e-06 9.074497304650785392e-05
2.166616482000000010e-01 1.110395161441305741e-04 3.602757548211885081e-06 8.071596977042806633e-05
2.315983182000000140e-01 9.731083327584596294e-05 2.972715949261972549e-06 7.059835842056298152e-05
2.475646361999999934e-01 8.504860867521864232e-05 2.138261624979865976e-06 6.133927868490526142e-05
2.646317291999999988e-01 7.431402200144914514e-05 2.309283307423755517e-06 5.394467310251615182e-05
2.828747885999999823e-01 6.479134405372596276e-05 1.791803829449371265e-06 4.686156394178261941e-05
3.023757798000000219e-01 5.640940210589107969e-05 1.622313336768531632e-06 4.084747225369389772e-05
3.232214099999999868e-01 4.905376053675507346e-05 1.409400155753154632e-06 3.552029514216539227e-05
3.455038056000000468e-01 4.258978077608101763e-05 1.215527327062443240e-06 3.083311632835232036e-05
3.693225443999999524e-01 3.693324366889963315e-05 1.057641576695603877e-06 2.674101318835827318e-05
3.947839781999999964e-01 3.198505076580987678e-05 9.183547846987616869e-07 2.316013003970762805e-05
4.219998779999999949e-01 2.766481595220433661e-05 7.901806328243368204e-07 2.002867926964800504e-05
4.510921757999999948e-01 2.389994949881300536e-05 6.860646275749288999e-07 1.730558078946316147e-05
4.821895776000000300e-01 2.062295627188670208e-05 5.909747012243819495e-07 1.493193185590608656e-05
5.154316278000000695e-01 1.777556899953373028e-05 5.094672610327553851e-07 1.287037297091298086e-05
5.509646447999999586e-01 1.530459394439453273e-05 4.387782853040276416e-07 1.108138017935938644e-05
5.889478176000000342e-01 1.316294406945038720e-05 3.774610146884226583e-07 9.530786460652151726e-06
6.295498188000000495e-01 1.130936043189113522e-05 3.243455221939460054e-07 8.188697123862153217e-06
6.729501594000000253e-01 9.707280366206561198e-06 2.784378692449157612e-07 7.028734615733554282e-06
7.193446079999999965e-01 8.324150322109782947e-06 2.387771388284575335e-07 6.027253722642346937e-06
7.689302879999999618e-01 7.131234632537379579e-06 2.045736717252172087e-07 5.163467026074953328e-06
8.219436119999999901e-01 6.103866840321525350e-06 1.751227482035960536e-07 4.419676580073325494e-06
8.786081219999999359e-01 5.220001944053498873e-06 1.497753906747605158e-07 3.779665030578888137e-06
9.391744559999999353e-01 4.460199637362355125e-06 1.279920290081386878e-07 3.229527969524659704e-06
1.003920347999999851e+00 3.807909015544890984e-06 1.092784526490550425e-07 2.757236408297441104e-06
1.073130305999999923e+00 3.248381558568024439e-06 9.322515981613375151e-08 2.352083370661242118e-06
1.147115934000000115e+00 2.768998092592747668e-06 7.947770952424614317e-08 2.004962591214619729e-06
1.226195609999999991e+00 2.358492331128637812e-06 6.769864226928905997e-08 1.707754197960661524e-06
1.310728356000000039e+00 2.007428888521288864e-06 5.762467344780239698e-08 1.453541798174958614e-06
1.401086741999999941e+00 1.707384722022942109e-06 4.901461160683700620e-08 1.236290661573734197e-06
1.497677208000000260e+00 1.451200628719257524e-06 4.166429940035457051e-08 1.050793103023550938e-06
1.600926515999999911e+00 1.232613670763559646e-06 3.539029546032107360e-08 8.925213897374063535e-07
1.711295297999999798e+00 1.046279808183459992e-06 3.004106259889122154e-08 7.576000091007056403e-07
1.829271281999999887e+00 8.875526428760815502e-07 2.548588032074162725e-08 6.426680426910830790e-07
1.955376065999999913e+00 7.524383152465124837e-07 2.160706043531924127e-08 5.448331806795943696e-07
2.090178665999999907e+00 6.375119246218929533e-07 1.830740700606891873e-08 4.616164304006790299e-07
2.234275193999999853e+00 5.398281944938617101e-07 1.550328985497211368e-08 3.908863260867442620e-07
2.388302406000000211e+00 4.568487943486430333e-07 1.312068754161490916e-08 3.308023267520905507e-07
2.552951250000000005e+00 3.864146160675655347e-07 1.109823063269398804e-08 2.798010141520815659e-07
2.728946543999999808e+00 3.266641948961503315e-07 9.382651786691327564e-09 2.365376597054789227e-07
2.917080845999999728e+00 2.760096329668416645e-07 7.927930831898436289e-09 1.998568109450140524e-07
3.118180584000000088e+00 2.330912564762513765e-07 6.695486764613001863e-09 1.687812547169563236e-07
3.333146699999999907e+00 1.967480739689025482e-07 5.651727041884981590e-09 1.424660776136736644e-07
3.562927554000000274e+00 1.659928454761139801e-07 4.768444515884075831e-09 1.201958782136293133e-07
3.808552793999999686e+00 1.399790610069866671e-07 4.021270521900698870e-09 1.013579928387100255e-07
4.071113033999999686e+00 1.179889434688850971e-07 3.389624495026715857e-09 8.543546659948975883e-08
4.351766628000000026e+00 9.940683431940497208e-08 2.855942665862350001e-09 7.198143868374120956e-08
4.651780313999999805e+00 8.371726145979484344e-08 2.405203508353279080e-09 6.061962761021125012e-08
4.972468248000000202e+00 7.047278726792337034e-08 2.024773104750127665e-09 5.102944886656163306e-08
5.315266517999999607e+00 5.929960347520690817e-08 1.703794064316499812e-09 4.293903427535999775e-08
5.681692499999999590e+00 4.987754416933518581e-08 1.433120451762603442e-09 3.611658606154724578e-08
6.073385502000000713e+00 4.193622768277152247e-08 1.204965282129104262e-09 3.036620338854191141e-08
6.492079667999999693e+00 3.524575623207591527e-08 1.012746793713458422e-09 2.552164586360060846e-08
6.939624300000000190e+00 2.961149502273894545e-08 8.508728108948019924e-10 2.144187591026903985e-08
7.418071919999999153e+00 2.486904411115995856e-08 7.146107288152616976e-10 1.800776878365470655e-08
7.929441180000000422e+00 2.087839427408359599e-08 5.999487379336610085e-10 1.511817887850920834e-08
8.476102980000000287e+00 1.752210859065601680e-08 5.035146376414429021e-10 1.268786413104059658e-08
9.060428220000000366e+00 1.470042030009237383e-08 4.224337223349945241e-10 1.064463700272703791e-08
9.685058760000000433e+00 1.232896856752088792e-08 3.542897550396508181e-10 8.927475049682696352e-09
1.035270419999999980e+01 1.033663826766727740e-08 2.970398966324129053e-10 7.484809606757322178e-09
1.106641283999999992e+01 8.663584290605197454e-09 2.489621163213406872e-10 6.273351398793943044e-09
1.182936846000000131e+01 7.259043273192109088e-09 2.086017148276041060e-10 5.256336586405039946e-09
1.264482257999999959e+01 6.080341569098238177e-09 1.747288355401140757e-10 4.402820966958496055e-09
1.351656864000000091e+01 5.091538754431437730e-09 1.463130415943538538e-10 3.686841622862191577e-09
1.444840008000000076e+01 4.262313941741965972e-09 1.224824877463630708e-10 3.086374562209298923e-09
1.544444904000000029e+01 3.567130064308556464e-09 1.025026834302297803e-10 2.582958252549252984e-09
1.650918636000000106e+01 2.984493427451279596e-09 8.575801622479505710e-11 2.161076484016531575e-09
1.764728610000000231e+01 2.496300444125074078e-09 7.172895756607048588e-11 1.807593008287980696e-09
1.886389649999999918e+01 2.087453486954794855e-09 5.997816242009893302e-11 1.511533041321498937e-09
2.016436901999999876e+01 1.745095489142851742e-09 5.013893090139699255e-11 1.263629212959420523e-09
2.155446156000000002e+01 1.458515866898966525e-09 4.190312257277572663e-11 1.056114687457736479e-09
2.304040619999999961e+01 1.218693782800675710e-09 3.501080664079519475e-11 8.824565677751676615e-10
2.462877371999999809e+01 1.018052977987879907e-09 2.924433249143664894e-11 7.371710714541381862e-10
2.632667681999999942e+01 8.502419520273360881e-10 2.442158754928278124e-11 6.156563757285280586e-10
2.814163463999999948e+01 7.099259517971039571e-10 2.038902779005095064e-11 5.140535200402343373e-10
3.008164049999999889e+01 5.926274433805701387e-10 1.701811531202880302e-11 4.291159377006255856e-10
3.215550060000000343e+01 4.946015449676828646e-10 1.420100205078291044e-11 3.581332018912387859e-10
3.437222435999999703e+01 4.126958416621220499e-10 1.184729672263539511e-11 2.988254846365519752e-10
3.674183730000000025e+01 3.442789962824767391e-10 9.881294986433650136e-12 2.492852272678236505e-10
3.927477138000000423e+01 2.871428430001310270e-10 8.239533591545609293e-12 2.079128854695295461e-10
4.198233918000000386e+01 2.394394650393590086e-10 6.868877171711030622e-12 1.733708953809481545e-10
4.487659842000000054e+01 1.996220518779539208e-10 5.724832212838790659e-12 1.445369904738100695e-10
4.797035195999999502e+01 1.663892989620840789e-10 4.770138810025371895e-12 1.204747249184598753e-10
5.127735101999999756e+01 1.386629075900178436e-10 3.973672371908332215e-12 1.003990059836137121e-10
5.481236292000000532e+01 1.155342739695123708e-10 3.309362806898132513e-12 8.365131450649336407e-11
5.859110334000000364e+01 9.624606910330061821e-11 2.755391114290965854e-12 6.968432952604999222e-11
6.263030406000000028e+01 8.016245119549410554e-11 2.293531946885189342e-12 5.803838832490395020e-11
6.694798391999999865e+01 6.675427112759962016e-11 1.908582811781498258e-12 4.832971642862504445e-11
7.156324560000000190e+01 5.557873183306929960e-11 1.587801938021191305e-12 4.023773701938705898e-11
7.649674980000000346e+01 4.626608887229094853e-11 1.320548820188543813e-12 3.349453258599018226e-11
8.177030880000000934e+01 3.850707365967901514e-11 1.097946218531408052e-12 2.787651309512573979e-11
8.740763159999998777e+01 3.204383557384981341e-11 9.125616135016458708e-13 2.319673343336218390e-11
9.343310460000000717e+01 2.666090217264626369e-11 7.582237224876220605e-13 1.929912403355539151e-11
9.987450119999999743e+01 2.217865665311864177e-11 6.297631003181715155e-13 1.605382804719069446e-11
1.067595948000000021e+02 1.844696533267361584e-11 5.228630917113866467e-13 1.335187916397701638e-11
1.141195458000000116e+02 1.534072423735519867e-11 4.339288996032179805e-13 1.110288900623833404e-11
1.219868693999999891e+02 1.275546512804811531e-11 3.599596141245521193e-13 9.231176809808055836e-12
1.303967904000000146e+02 1.060436346599659811e-11 2.984530618758617906e-13 7.673806407914597726e-12
1.393865657999999996e+02 8.814678173596825330e-12 2.473241444531326207e-13 6.378070723990948825e-12
1.489954847999999856e+02 7.325897695580138920e-12 2.048333600803320385e-13 5.300251660883283479e-12
1.592669010000000185e+02 6.087693679339799837e-12 1.695325627490317258e-13 4.403907430424112558e-12
1.702468776000000048e+02 5.058054586108796980e-12 1.402150214267905001e-13 3.658543941092139378e-12
1.819835099999999954e+02 4.201922747067285164e-12 1.158750730973692952e-13 3.038824045985825456e-12
1.945289580000000171e+02 3.490258267610377077e-12 9.567518218851367280e-14 2.523690051254910287e-12
2.079401232000000164e+02 2.898737103236988531e-12 7.891862404282310730e-14 2.095530641829485159e-12
2.222752619999999979e+02 2.407102492787949505e-12 6.502386368261173111e-14 1.739727078368034317e-12
2.375987273999999729e+02 1.998596329828867850e-12 5.350844354860794603e-14 1.444095277777970345e-12
2.539782593999999847e+02 1.659203411386763317e-12 4.397037727144441466e-14 1.198499764055680008e-12
2.714876945999999975e+02 1.377269456806000815e-12 3.607547622491409830e-14 9.945041302353418249e-13
2.902035792000000356e+02 1.143090914732125528e-12 2.954417656083710627e-14 8.250867657111500955e-13
3.102099107999999887e+02 9.486144675953472351e-13 2.414633683833155918e-14 6.844065700676179841e-13
3.315954287999999792e+02 7.871249643342443513e-13 1.968905651411921741e-14 5.676107742085245546e-13
3.544556466000000228e+02 6.530511433227322169e-13 1.601254351296591251e-14 4.706558016284736978e-13
3.788914967999999703e+02 5.417452468409124964e-13 1.298364178613441054e-14 3.901855714754131939e-13
4.050113633999999934e+02 4.493578513636531695e-13 1.049202822915850052e-14 3.234082806229623602e-13
4.329331139999999891e+02 3.726848060216912655e-13 8.445773120529491530e-15 2.680026174588587258e-13
4.627786805999999729e+02 3.090553699755413849e-13 6.768691389917923452e-15 2.220397457520615868e-13
4.946821883999999727e+02 2.562609007577652706e-13 5.397357038196663523e-15 1.839178298676984461e-13
5.287852139999999963e+02 2.124609364055349571e-13 4.279211469858364069e-15 1.523046417812044950e-13
5.652394949999999199e+02 1.761289435825682224e-13 3.370480627989391338e-15 1.260925413076077515e-13
6.042062525999999707e+02 1.459919589168332588e-13 2.634837898745540390e-15 1.043656441741951193e-13
6.458595785999999634e+02 1.209992458482360980e-13 2.042158325896355768e-15 8.635804554709556320e-14
6.903857580000000098e+02 1.002733503168766167e-13 1.567286702605650046e-15 7.143828678125376390e-14
7.379798820000000887e+02 8.308955041850582616e-14 1.189334117918738796e-15 5.907887077589533952e-14
7.888526219999999967e+02 6.884250745724436349e-14 8.909592121200484284e-16 4.884320091128965780e-14
8.432410679999999275e+02 5.703300389187351125e-14 6.576317453049688734e-16 4.036964792325455249e-14
9.013687620000000607e+02 4.724376738659221653e-14 4.772349885421052293e-16 3.335591853063661444e-14
9.635066639999998870e+02 3.913087931006081868e-14 3.396559131681523948e-16 2.755330171408924071e-14
1.029932508000000098e+03 3.240794779447895932e-14 2.364183287338706630e-16 2.275416467045691503e-14
1.100937576000000035e+03 2.683728933126696703e-14 1.604274707123560778e-16 1.878667753976146095e-14
1.176833472000000029e+03 2.222198543916106975e-14 1.057566214311688673e-16 1.550782903523882800e-14
1.257965670000000046e+03 1.839852856024867328e-14 6.747271922064411010e-17 1.279955199883263409e-14
1.344686418000000003e+03 1.523140565692764663e-14 4.150056376472340440e-17 1.056343719028782462e-14
1.437388607999999977e+03 1.260828067911600061e-14 2.452237306323803980e-17 8.717923224769309146e-15
1.536478679999999940e+03 1.043600572495659976e-14 1.388869451857002866e-17 7.195403927367114620e-15
1.642403718000000026e+03 8.637164232981830464e-15 7.544080435345877782e-18 5.939781538443265214e-15
1.755631127999999762e+03 7.147731718570845521e-15 3.955480648399389276e-18 4.904467784844781561e-15
1.876662186000000020e+03 5.914711413828386903e-15 2.035868011122958706e-18 4.050835773225958459e-15
2.006038812000000007e+03 4.893919693648284975e-15 1.062202290953852637e-18 3.346947564523176702e-15
2.144330022000000099e+03 4.049020944525685842e-15 5.888790884867890374e-19 2.766364816016067214e-15
2.292159024000000045e+03 3.349773521224593902e-15 3.635937288876805449e-19 2.287195567022961394e-15
2.450176122000000305e+03 2.771025207810560004e-15 2.542958881621456558e-19 1.891452675640991601e-15
2.619092585999999756e+03 2.292134160556750490e-15 1.952078942890751991e-19 1.564363864407780757e-15
2.799646782000000258e+03 1.895872069060329599e-15 1.542267979012688506e-19 1.293814773082131369e-15
2.992651590000000397e+03 1.568012162332131600e-15 1.174202057503143881e-19 1.069925778385730839e-15
3.198967308000000230e+03 1.296759826717077467e-15 8.213587706291580953e-20 8.846095366794820827e-16
3.419501651999999922e+03 1.072361286914764309e-15 5.161485051690758932e-20 7.312520513719413551e-16
3.655236851999999544e+03 8.867344585283115476e-16 2.940955066591110193e-20 6.044032004039796489e-16
3.907222878000000037e+03 7.331848285962511400e-16 1.599249523126854746e-20 4.995387087058968216e-16
4.176584213999999520e+03 6.061847387140422960e-16 9.074401731242744435e-21 4.128882380986619673e-16
4.464513084000000163e+03 5.011501946194841000e-16 5.774779150997293118e-21 3.412850061355202410e-16
4.772296548000000257e+03 4.142865110501206031e-16 4.032305169878772127e-21 2.821002767516533520e-16
5.101289405999999872e+03 3.424548094200822126e-16 2.800345916950414921e-21 2.331664370978960023e-16
5.452968389999999999e+03 2.830615530155888134e-16 1.793898121316513417e-21 1.927015745152217446e-16
5.828891519999999218e+03 2.339519856463470422e-16 1.071993794473721797e-21 1.592457923433808304e-16
6.230731974000000264e+03 1.933501722666614224e-16 6.480589117028740232e-22 1.315937099173760470e-16
6.660271314000000530e+03 1.597847001560560603e-16 4.174536539432445153e-22 1.087396307265384512e-16
7.119406259999999747e+03 1.320361336820607624e-16 2.738518849732704687e-22 8.985072399211658602e-17
7.610250299999999697e+03 1.091012881496863200e-16 1.728649023758571563e-22 7.423847890644265671e-17
8.134896600000000035e+03 9.014366749485577816e-17 1.072743465108328539e-22 6.133494060187181909e-17
8.695716060000000653e+03 7.447578276649333552e-17 6.815517602156853734e-23 5.067165351307616929e-17
9.295147320000000036e+03 6.152691512533198885e-17 4.348650623343824337e-23 4.185974667493881625e-17
9.935967719999998735e+03 5.082659056896241719e-17 2.738178933533178444e-23 3.457833473090401166e-17
1.062095460000000094e+04 4.198454921684296023e-17 1.732699892591551227e-23 2.856199924579944841e-17
1.135315626000000157e+04 3.467867373308471015e-17 1.098273051065836171e-23 2.359111486264083477e-17
1.213582422000000042e+04 2.864231782284852733e-17 6.938601911635274444e-24 1.948420278201085205e-17
1.297241322000000036e+04 2.365528600816903822e-17 4.392240241288918336e-24 1.609135035066830789e-17
1.386678443999999945e+04 1.953554287219566288e-17 2.778328800163659212e-24 1.328861275948926623e-17
1.482281726957091996e+04 1.613266561878363171e-17 0.000000000000000000e+00 1.097388219968350211e-17
1.584476291225090245e+04 1.332175115933041736e-17 0.000000000000000000e+00 9.061820989196926955e-18
1.693716566693593995e+04 1.099996522589777757e-17 0.000000000000000000e+00 7.482478434876194015e-18
1.810488313507249768e+04 9.082311371068448442e-18 0.000000000000000000e+00 6.178037618960199827e-18
1.935310782101664518e+04 7.498541610449921770e-18 0.000000000000000000e+00 5.100713933269188528e-18
2.068739022161027970e+04 6.190601230094709547e-18 0.000000000000000000e+00 4.211016967039652990e-18
2.211366350764716117e+04 5.110515561653187565e-18 0.000000000000000000e+00 3.476313033348541981e-18
2.363826990698014924e+04 4.218642411519733158e-18 0.000000000000000000e+00 2.869636423425530798e-18
2.526798890658777236e+04 3.482226982808889468e-18 0.000000000000000000e+00 2.368706424895533652e-18
2.701006739900657340e+04 2.874207019221584860e-18 0.000000000000000000e+00 1.955114547822585363e-18
2.887225190718182057e+04 2.372224916052846872e-18 0.000000000000000000e+00 1.613652535487239863e-18
3.086282303103116647e+04 1.957811007570952058e-18 0.000000000000000000e+00 1.331756814032769939e-18
3.299063226889535144e+04 1.615708418441339337e-18 0.000000000000000000e+00 1.099049237862344715e-18
3.526514137761022721e+04 1.333314980739234981e-18 0.000000000000000000e+00 9.069574662645762172e-19
3.769646444622318086e+04 1.100221950457167583e-18 0.000000000000000000e+00 7.484011857138652200e-19
4.029541287044361525e+04 9.078327599197944314e-19 0.000000000000000000e+00 6.175327747928942491e-19
4.307354342781590822e+04 7.490479407855975029e-19 0.000000000000000000e+00 5.095229801655319825e-19
4.604320966739155119e+04 6.180047503849337855e-19 0.000000000000000000e+00 4.203838032614236899e-19
4.921761684241528565e+04 5.098620181803942046e-19 0.000000000000000000e+00 3.468221469296403495e-19
5.261088063029541081e+04 4.206223704895221507e-19 0.000000000000000000e+00 2.861188878128915840e-19
5.623808990096893103e+04 3.469853493612572639e-19 0.000000000000000000e+00 2.360289637735367016e-19
6.011537381277445093e+04 2.862260645598244014e-19 0.000000000000000000e+00 1.946988296404883514e-19
6.425997353418905550e+04 2.360949464771389328e-19 0.000000000000000000e+00 1.605982663871794241e-19
6.869031891035495210e+04 1.947349359873563976e-19 0.000000000000000000e+00 1.324640513964413513e-19
7.342611041531004594e+04 1.606130825200517283e-19 0.000000000000000000e+00 1.092534295913824121e-19
7.848840675434043806e+04 1.324640469247618359e-19 0.000000000000000000e+00 9.010568253228854659e-20
8.389971850599737081e+04 1.092434400326468131e-19 0.000000000000000000e+00 7.431038802481817795e-20
8.968410822017774626e+04 9.008928691629643921e-20 0.000000000000000000e+00 6.128120705122913686e-20
9.586729741737573931e+04 7.429020371783087513e-20 0.000000000000000000e+00 5.053423677490402196e-20
1.024767809649003757e+05 6.125911932382097691e-20 0.000000000000000000e+00 4.167013530195842842e-20
1.095419493386573449e+05 5.051157701930473518e-20 0.000000000000000000e+00 3.435936187040887556e-20
1.170942193141579482e+05 4.164781891971342498e-20 0.000000000000000000e+00 2.832999018875993883e-20
1.251671736679008318e+05 3.433799455290551192e-20 0.000000000000000000e+00 2.335764690729209039e-20
1.337967105103382783e+05 2.830994948411235598e-20 0.000000000000000000e+00 1.925720510539309402e-20
1.430212029144676926e+05 2.333914451299907132e-20 0.000000000000000000e+00 1.587592705255316629e-20
1.528816695498714107e+05 1.924033417152600093e-20 0.000000000000000000e+00 1.308780369407985057e-20
1.634219570809646684e+05 1.586069786445479618e-20 0.000000000000000000e+00 1.078888226423315066e-20
1.746889351405249618e+05 1.307417037818155503e-20 0.000000000000000000e+00 8.893409742634557985e-21
1.867327047454938293e+05 1.077676258684403648e-20 0.000000000000000000e+00 7.330649870055365903e-21
1.996068210818162479e+05 8.882699618413288140e-21 0.000000000000000000e+00 6.042256222935998412e-21
2.133685316489782126e+05 7.321233839568327291e-21 0.000000000000000000e+00 4.980104318173862319e-21
2.280790308232023963e+05 6.034014877463335359e-21 0.000000000000000000e+00 4.104502629703232165e-21
2.438037319712718599e+05 4.972919428976664463e-21 0.000000000000000000e+00 3.382716365147218203e-21
2.606125583249932388e+05 4.098260565747218731e-21 0.000000000000000000e+00 2.787749385926290438e-21
2.785802539097354165e+05 3.377310247790511348e-21 0.000000000000000000e+00 2.297339180444216804e-21
2.977867159096531104e+05 2.783080323369104244e-21 0.000000000000000000e+00 1.893127666722962786e-21
3.183173499475279823e+05 2.293316842491885456e-21 0.000000000000000000e+00 1.559977096826084351e-21
3.402634498590552248e+05 1.889670396620921839e-21 0.000000000000000000e+00 1.285405699142652283e-21
3.637226036503227660e+05 1.557011707617457528e-21 0.000000000000000000e+00 1.059122123192578587e-21
3.887991274436586536e+05 1.282867064036166368e-21 0.000000000000000000e+00 8.726414078895523921e-22
4.156045293414808111e+05 1.056952640330155585e-21 0.000000000000000000e+00 7.189682126754514659e-22
4.442580052708164440e+05 8.707903977129655585e-22 0.000000000000000000e+00 5.923355427382948178e-22
4.748869690133718541e+05 7.173912892695743404e-22 0.000000000000000000e+00 4.879892564287186953e-22
5.076276187780416221e+05 5.909939878643315913e-22 0.000000000000000000e+00 4.020103408077300557e-22
5.426255428352443269e+05 4.868494155052028272e-22 0.000000000000000000e+00 3.311683426028690050e-22
5.800363669061659602e+05 4.010430531072819298e-22 0.000000000000000000e+00 2.728004984295058303e-22
6.200264461856661364e+05 3.303484128289930142e-22 0.000000000000000000e+00 2.247120626498869069e-22
6.627736050760716898e+05 2.721062131688628324e-22 0.000000000000000000e+00 1.850941189557867671e-22
7.084679279212458059e+05 2.241247526113288595e-22 0.000000000000000000e+00 1.524558117863830621e-22
7.573126042570953723e+05 1.845977661371945700e-22 0.000000000000000000e+00 1.255684700707901335e-22
8.095248323371068109e+05 1.520366995453716915e-22 0.000000000000000000e+00 1.034195383617812780e-22
8.653367849506263155e+05 1.252148733556107898e-22 0.000000000000000000e+00 8.517459558901866461e-23
9.249966418286028784e+05 1.031214509621438138e-22 0.000000000000000000e+00 7.014604293300468883e-23
9.887696932276046136e+05 8.492349110038332869e-23 0.000000000000000000e+00 5.776729087079059485e-23
1.056939519599431893e+06 6.993466612231070486e-23 0.000000000000000000e+00 4.757148048781654426e-23
1.129809252591976663e+06 5.758947623438040937e-23 0.000000000000000000e+00 3.917394329438865737e-23
1.207702922988638049e+06 4.742199496480258640e-23 0.000000000000000000e+00 3.225774330881873979e-23
1.290966901580195408e+06 3.904835031260279371e-23 0.000000000000000000e+00 2.656176025390070705e-23
1.379971439376278548e+06 3.215228557539543946e-23 0.000000000000000000e+00 2.187086763542401067e-23
1.475112314005318331e+06 2.647325894405306205e-23 0.000000000000000000e+00 1.800783775965103805e-23
1.576812589624040760e+06 2.179663587115585253e-23 0.000000000000000000e+00 1.482667031299287787e-23
1.685524498162320815e+06 1.794560649843036746e-23 0.000000000000000000e+00 1.220709437418426720e-23
1.801731450268747984e+06 1.477452498068044956e-23 0.000000000000000000e+00 1.005003763950157287e-23
1.925950184899005806e+06 1.216342077444343960e-23 0.000000000000000000e+00 8.273892850572174026e-24
2.058733067105663475e+06 1.001347585247619600e-23 0.000000000000000000e+00 6.811441271460154775e-24
2.200670544246993028e+06 8.243297996668326648e-24 0.000000000000000000e+00 5.607317680160644797e-24
2.352393771536868531e+06 6.785850162072856512e-24 0.000000000000000000e+00 4.615921637685651391e-24
2.514577418610811234e+06 5.585920507013985853e-24 0.000000000000000000e+00 3.799696533063682363e-24
2.687942669588177465e+06 4.598037967206430937e-24 0.000000000000000000e+00 3.127711699611859973e-24
2.873260429970900994e+06 3.784754973112133206e-24 0.000000000000000000e+00 2.574494272120814808e-24
3.071354754638952203e+06 3.115232694221831978e-24 0.000000000000000000e+00 2.119066831162066369e-24
3.283106512185821310e+06 2.564075556917505156e-24 0.000000000000000000e+00 1.744154610130827888e-24
3.509457301888276823e+06 2.110371149042154705e-24 0.000000000000000000e+00 1.435532411967605232e-24
3.751413640728039201e+06 1.736899344750599598e-24 0.000000000000000000e+00 1.181486634162176992e-24
4.010051439083846752e+06 1.429480846647425650e-24 0.000000000000000000e+00 9.723721292250680951e-25
4.286520784996046685e+06 1.176440586947125041e-24 0.000000000000000000e+00 8.002471954202485656e-25
4.582051058277942240e+06 9.681657519162364780e-25 0.000000000000000000e+00 6.585729328528567658e-25
4.897956397214896977e+06 7.967417561928712206e-25 0.000000000000000000e+00 5.419656232042298196e-25
5.235641542160032317e+06 6.556524293037675083e-25 0.000000000000000000e+00 4.459927883671311057e-25
5.596608082011308521e+06 5.395330959394455725e-25 0.000000000000000000e+00 3.670052288678395869e-25
5.982461131346281618e+06 4.439672250936463995e-25 0.000000000000000000e+00 3.019986990262422999e-25
6.394916467905838974e+06 3.653189658678505134e-25 0.000000000000000000e+00 2.484999932110573042e-25
6.835808162165253423e+06 3.005952412819583810e-25 0.000000000000000000e+00 2.044731382625883624e-25
7.307096732919069007e+06 2.473321866748756360e-25 0.000000000000000000e+00 1.682421457741005044e-25
7.810877865145354532e+06 2.035016381433386514e-25 0.000000000000000000e+00 1.384274029598337465e-25
8.349391728915185668e+06 1.674341335054767358e-25 0.000000000000000000e+00 1.138932957958201718e-25
8.925032940785847604e+06 1.377555119648689527e-25 0.000000000000000000e+00 9.370508237023406445e-26
9.540361211973220110e+06 1.133347124615431952e-25 0.000000000000000000e+00 7.709338388814574906e-26
1.019811273065273091e+07 9.324079397125793235e-26 0.000000000000000000e+00 6.342494869875648603e-26
1.090121232900266908e+07 7.670754969399843636e-26 0.000000000000000000e+00 5.217858189462527202e-26
1.165278648909322731e+07 6.310437429302755225e-26 0.000000000000000000e+00 4.292532840760839778e-26
1.245617724545473419e+07 5.191227993180483380e-26 0.000000000000000000e+00 3.531215845850853901e-26
1.331495704614578746e+07 4.270415172728669158e-26 0.000000000000000000e+00 2.904853677417190022e-26
1.423294463840420172e+07 3.512849374421514146e-26 0.000000000000000000e+00 2.389536616642534950e-26
1.521422204951969534e+07 2.889604885169965287e-26 0.000000000000000000e+00 1.965588599106912499e-26
1.626315273843740672e+07 2.376878464014082068e-26 0.000000000000000000e+00 1.616818006609241801e-26
1.738440099880716205e+07 1.955082726405441685e-26 0.000000000000000000e+00 1.329900962258152813e-26
1.858295269975832477e+07 1.608099892129428965e-26 0.000000000000000000e+00 1.093873709314670288e-26
1.986413745662850142e+07 1.322667549156977207e-26 0.000000000000000000e+00 8.997147908956127660e-27
2.123365233023291454e+07 1.087873093542545670e-26 0.000000000000000000e+00 7.400011541081753524e-27
2.269758716005837545e+07 8.947376292372476040e-27 0.000000000000000000e+00 6.086251072756048550e-27
2.426245164403121546e+07 7.358735073275255529e-27 0.000000000000000000e+00 5.005613687224658883e-27
2.593520428527518362e+07 6.052024802107430975e-27 0.000000000000000000e+00 4.116753475046444560e-27
2.772328333457722515e+07 4.977237483981560113e-27 0.000000000000000000e+00 3.385653624746792098e-27
2.963463986615335196e+07 4.093230731511009171e-27 0.000000000000000000e+00 2.784327954546231893e-27
3.167777313379314169e+07 3.366156887937013739e-27 0.000000000000000000e+00 2.289752358771023541e-27
3.386176836460138112e+07 2.768170334278418527e-27 0.000000000000000000e+00 1.882985482675632171e-27
3.619633715839485079e+07 2.276363745954191890e-27 0.000000000000000000e+00 1.548445134984149384e-27
3.869186067239874601e+07 1.871892772889733385e-27 0.000000000000000000e+00 1.273312871259998095e-27
4.135943578327262402e+07 1.539255786277833928e-27 0.000000000000000000e+00 1.047044057872672269e-27
4.421092443173530698e+07 1.265701236865486096e-27 0.000000000000000000e+00 8.609647408289121059e-28
4.725900636920992285e+07 1.040740027813223359e-27 0.000000000000000000e+00 7.079399484000934900e-28
5.051723554103844613e+07 8.557443042204251936e-28 0.000000000000000000e+00 5.821007767390344162e-28
5.400010035698561370e+07 7.036173531618813821e-28 0.000000000000000000e+00 4.786198468194476715e-28
5.772308811703783274e+07 5.785220175558586654e-28 0.000000000000000000e+00 3.935265640905224470e-28
6.170275387898021191e+07 4.756572573166879538e-28 0.000000000000000000e+00 3.235551292366921182e-28
6.595679407398591191e+07 3.910743267851323446e-28 0.000000000000000000e+00 2.660194970175146386e-28
7.050412519756534696e+07 3.215255481527733522e-28 0.000000000000000000e+00 2.187105077978572285e-28
7.536496792579130828e+07 2.643399039470884111e-28 0.000000000000000000e+00 1.798112621396858302e-28
8.056093703084044158e+07 2.173206949137314030e-28 0.000000000000000000e+00 1.478275048830063676e-28
8.611513749568009377e+07 1.786613517540929016e-28 0.000000000000000000e+00 1.215303579777201524e-28
9.205226725529462099e+07 1.468761821989402831e-28 0.000000000000000000e+00 9.990921274124494437e-29
9.839872702131216228e+07 1.207434052054556036e-28 0.000000000000000000e+00 8.213298015490794229e-29
1.051827376783900261e+08 9.925829337243722866e-29 0.000000000000000000e+00 6.751821704793252629e-29
1.124344657743873894e+08 8.159463085297663113e-29 0.000000000000000000e+00 5.550290871117297639e-29
1.201861576623433977e+08 6.707301181969658043e-29 0.000000000000000000e+00 4.562490464256124630e-29
1.284722828907519132e+08 5.513476601563432281e-29 0.000000000000000000e+00 3.750418199074427800e-29
1.373296874797484279e+08 4.532051307226581662e-29 0.000000000000000000e+00 3.082825761324865742e-29
1.467977577647837400e+08 3.725252429921193831e-29 0.000000000000000000e+00 2.534019008144681479e-29
1.569185955363509655e+08 3.062021630007033968e-29 0.000000000000000000e+00 2.082871203966204692e-29
1.677372052545613348e+08 2.516822060265810819e-29 0.000000000000000000e+00 1.712011484001995763e-29
1.793016941710585952e+08 2.068657208303023133e-29 0.000000000000000000e+00 1.407157443901396267e-29
1.916634862481565177e+08 1.700264007458488588e-29 0.000000000000000000e+00 1.156566271632552489e-29
2.048775508264368176e+08 1.397449278355220541e-29 0.000000000000000000e+00 9.505833768008868305e-30
2.190026470576260984e+08 1.148544052889158904e-29 0.000000000000000000e+00 7.812712068412041767e-30
2.341015851896753907e+08 9.439548485363978066e-30 0.000000000000000000e+00 6.421040114782685726e-30
2.502415058659012616e+08 7.757946759074592939e-30 0.000000000000000000e+00 5.277168439317096332e-30
2.674941786801522374e+08 6.375796185131438057e-30 0.000000000000000000e+00 4.336991661400298052e-30
2.859363213155890107e+08 5.239793375664062445e-30 0.000000000000000000e+00 3.564251352750398099e-30
3.056499406861979365e+08 4.306119224677739107e-30 0.000000000000000000e+00 2.929140554080912315e-30
3.267226975979949832e+08 3.538752085080536952e-30 0.000000000000000000e+00 2.407156351789939127e-30
3.492482965514647961e+08 2.908080823514460521e-30 0.000000000000000000e+00 1.978156439767109755e-30
3.733269024185737967e+08 2.389764465781430853e-30 0.000000000000000000e+00 1.625583418895178583e-30
3.990655858472012281e+08 1.963794610189440258e-30 0.000000000000000000e+00 1.335827024859464066e-30
4.265787993735720515e+08 1.613724570456809815e-30 0.000000000000000000e+00 1.097699769981540107e-30
4.559888863598295450e+08 1.326035612041665195e-30 0.000000000000000000e+00 9.020058397657176346e-31
4.874266250198444128e+08 1.089615911173863983e-30 0.000000000000000000e+00 7.411866665233926502e-31
5.210318099523886442e+08 8.953321962191821777e-31 0.000000000000000000e+00 6.090295480651030877e-31
5.569538737675840855e+08 7.356775922722071107e-31 0.000000000000000000e+00 5.004281019214911168e-31
5.953525515708217621e+08 6.044821185812775870e-31 0.000000000000000000e+00 4.111853377412410437e-31
6.363985912589182854e+08 4.966746968589800775e-31 0.000000000000000000e+00 3.378517688079940370e-31
6.802745127869961262e+08 4.080875090995073339e-31 0.000000000000000000e+00 2.775923308548632434e-31
7.271754197823263407e+08 3.352951721909339914e-31 0.000000000000000000e+00 2.280769842190116058e-31
7.773098671141489744e+08 2.754825358713508830e-31 0.000000000000000000e+00 1.873907863807956487e-31
8.309007882773063183e+08 2.263360118348709815e-31 0.000000000000000000e+00 1.539599710372796663e-31
8.881864867134940624e+08 1.859542473234774412e-31 0.000000000000000000e+00 1.264911858262709517e-31
9.494216954782562256e+08 1.527747011142390650e-31 0.000000000000000000e+00 1.039215472964053455e-31
1.014878709965754747e+09 1.255132920252251633e-31 0.000000000000000000e+00 8.537758816345854215e-32
1.084848598728217363e+09 1.031147934358721748e-31 0.000000000000000000e+00 7.014151430080139160e-32
1.159642497774230480e+09 8.471206119004767953e-32 0.000000000000000000e+00 5.762347043935417328e-32
1.239592994101249456e+09 6.959252252863859585e-32 0.000000000000000000e+00 4.733874501923022282e-32
1.325055604614499092e+09 5.717063346365384779e-32 0.000000000000000000e+00 3.888903493920705944e-32
1.416410357008588076e+09 4.696524201421961484e-32 0.000000000000000000e+00 3.194704740818472910e-32
1.514063479641572237e+09 3.858098382191233896e-32 0.000000000000000000e+00 2.624384473180962109e-32
1.618449207915843010e+09 3.169299212230230326e-32 0.000000000000000000e+00 2.155844361521365035e-32
1.730031715198302746e+09 2.603433185242085611e-32 0.000000000000000000e+00 1.770926749782070597e-32
1.849307176866073847e+09 2.138567273817666924e-32 0.000000000000000000e+00 1.454712190380279876e-32
1.976805976655960798e+09 1.756680257541033857e-32 0.000000000000000000e+00 1.194942154278560794e-32
2.113095065128667355e+09 1.442965291831895618e-32 0.000000000000000000e+00 9.815446191581743820e-33
2.258780480735178947e+09 1.185256775329643558e-32 0.000000000000000000e+00 8.062442088739539595e-33
2.414510044695777893e+09 9.735593712635199484e-33 0.000000000000000000e+00 6.622418208559718835e-33
2.580976241675033092e+09 7.996609819132087962e-33 0.000000000000000000e+00 5.439513607088845207e-33
2.758919299062308788e+09 6.568147168891578145e-33 0.000000000000000000e+00 4.467834083022134627e-33
2.949130478550460815e+09 5.394775604745848129e-33 0.000000000000000000e+00 3.669674521194901674e-33
3.152455594649434566e+09 4.430956333735452134e-33 0.000000000000000000e+00 3.014058184020091078e-33
3.369798775780573368e+09 3.639277443351484576e-33 0.000000000000000000e+00 2.475536461178801102e-33
3.602126484676156998e+09 2.989004066854641047e-33 0.000000000000000000e+00 2.033202652253996968e-33
3.850471815961720467e+09 2.454887108586926401e-33 0.000000000000000000e+00 1.669881628971974457e-33
4.115939090031278610e+09 2.016184434872218133e-33 0.000000000000000000e+00 1.371464022372229681e-33
4.399708763643091202e+09 1.655856650480784718e-33 0.000000000000000000e+00 1.126359167872513108e-33
4.703042679071986198e+09 1.359906331701818700e-33 0.000000000000000000e+00 9.250456334583518502e-34
5.027289675159709930e+09 1.116835135399174886e-33 0.000000000000000000e+00 7.597019303535405751e-34
5.373891585214036942e+09 9.171977632097444127e-34 0.000000000000000000e+00 6.239031072185475535e-34
5.744389648427568436e+09 7.532355073427368474e-34 0.000000000000000000e+00 5.123714779393824981e-34
6.140431363325972557e+09 6.185751839688441735e-34 0.000000000000000000e+00 4.207718278508186332e-34
6.563777813720968246e+09 5.079817909017521463e-34 0.000000000000000000e+00 3.455431646986800097e-34
7.016311499744466782e+09 4.171553059408280991e-34 0.000000000000000000e+00 2.837604952920816154e-34
7.500044708786236763e+09 3.425637512226686391e-34 0.000000000000000000e+00 2.330212712908563399e-34
8.017128463558249474e+09 2.813060532685055546e-34 0.000000000000000000e+00 1.913521028435738032e-34
8.569862087075162888e+09 2.309993823985724983e-34 0.000000000000000000e+00 1.571321237632338454e-34
9.160703427083690643e+09 1.896866034284247089e-34 0.000000000000000000e+00 1.290300369492541299e-34
9.792279785405941010e+09 1.557602487331699387e-34 0.000000000000000000e+00 1.059523987778583597e-34
1.046739960079637909e+10 1.279000649985184093e-34 0.000000000000000000e+00 8.700113668700892763e-35
1.118906493726272392e+10 1.050217110382357653e-34 0.000000000000000000e+00 7.143865202294421742e-35
1.196048483338278198e+10 8.623461629893325861e-35 0.000000000000000000e+00 5.865915423781973520e-35
1.278508957197775269e+10 7.080736482117026751e-35 0.000000000000000000e+00 4.816511410940176478e-35
1.366654593359518051e+10 5.813926122581974872e-35 0.000000000000000000e+00 3.954792214411975435e-35
1.460877350162940216e+10 4.773697504201479452e-35 0.000000000000000000e+00 3.247200140752682833e-35
1.561596209158367157e+10 3.919535666985432889e-35 0.000000000000000000e+00 2.666175801528768312e-35
1.669259038197692680e+10 3.218168010491953375e-35 0.000000000000000000e+00 2.189086260165804534e-35
1.784344582974140930e+10 2.642270051027600199e-35 0.000000000000000000e+00 1.797344652452719488e-35
1.907364595866928482e+10 2.169402395530446125e-35 0.000000000000000000e+00 1.475687086983539059e-35
2.038866111557184219e+10 1.781137638140709718e-35 0.000000000000000000e+00 1.211578736227000373e-35
2.179433879534132767e+10 1.462343257974743198e-35 0.000000000000000000e+00 9.947260438988859824e-36
2.329692964308204651e+10 1.200592653295207240e-35 0.000000000000000000e+00 8.166760942300148342e-36
2.490311524893476105e+10 9.856814228822149919e-36 0.000000000000000000e+00 6.704875732706971724e-36
2.662003785918988037e+10 8.092300928528504227e-36 0.000000000000000000e+00 5.504605327631954427e-36
2.845533213580635071e+10 6.643578449393003509e-36 0.000000000000000000e+00 4.519144511562234956e-36
3.041715910556166077e+10 5.454145605360915689e-36 0.000000000000000000e+00 3.710059626070955238e-36
3.251424244979507065e+10 4.477607606516292779e-36 0.000000000000000000e+00 3.045791660933303926e-36
3.475590729611415863e+10 3.675868831475800736e-36 0.000000000000000000e+00 2.500426928277531257e-36
3.715212168456026459e+10 3.017648675376181583e-36 0.000000000000000000e+00 2.052687501627273337e-36
3.971354089262096405e+10 2.477262734744656021e-36 0.000000000000000000e+00 1.685102144378503906e-36
4.245155481619017792e+10 2.033621906234222495e-36 0.000000000000000000e+00 1.383325469271878886e-36
4.537833861716539764e+10 1.669410449452619387e-36 0.000000000000000000e+00 1.135578834156423902e-36
4.850690686289750671e+10 1.370411023881976752e-36 0.000000000000000000e+00 9.321912135660045303e-37
5.185117139823551941e+10 1.124950426425481883e-36 0.000000000000000000e+00 7.652221741770506146e-37
5.542600320750693512e+10 9.234444514364814988e-37 0.000000000000000000e+00 6.281522761010009013e-37
5.924729854151587677e+10 7.580241515613488029e-37 0.000000000000000000e+00 5.156288452457536182e-37
6.333204960360697937e+10 6.222289451768027730e-37 0.000000000000000000e+00 4.232572165664457829e-37
6.769842010911562347e+10 5.107546176939260699e-37 0.000000000000000000e+00 3.474293176318948796e-37
7.236582605419563293e+10 4.192464006284174405e-37 0.000000000000000000e+00 2.851829153255862781e-37
7.735502205318020630e+10 3.441290671416020401e-37 0.000000000000000000e+00 2.340860421666416858e-37
8.268819362839384460e+10 2.824674239514010023e-37 0.000000000000000000e+00 1.921420990763985761e-37
8.838905586280105591e+10 2.318517631268424400e-37 0.000000000000000000e+00 1.577119365432386650e-37
9.448295885417227173e+10 1.903038093363388006e-37 0.000000000000000000e+00 1.294498773579285519e-37
1.009970004396912231e+11 1.561994964211847588e-37 0.000000000000000000e+00 1.062511871181525793e-37
1.079601466922577209e+11 1.282055627610327294e-37 0.000000000000000000e+00 8.720894465485000659e-38
1.154033607242983704e+11 1.052274932903523556e-37 0.000000000000000000e+00 7.157863076216037870e-38
1.233597403718386688e+11 8.636677816068385364e-38 0.000000000000000000e+00 5.874905436569774316e-38
1.318646653710783081e+11 7.088582112700132313e-38 0.000000000000000000e+00 4.821848224324631278e-38
1.409559546819211731e+11 5.817912889786805937e-38 0.000000000000000000e+00 3.957504122951903451e-38
1.506740346580333252e+11 4.774965753348867270e-38 0.000000000000000000e+00 3.248062838652221446e-38
1.610621188112320557e+11 3.918939303459174126e-38 0.000000000000000000e+00 2.665770138680483036e-38
1.721663999695674133e+11 3.216340836623910243e-38 0.000000000000000000e+00 2.187843366321721240e-38
1.840362556835676880e+11 2.639677473305352841e-38 0.000000000000000000e+00 1.795581109886986505e-38
1.967244677940314941e+11 2.166381624577170834e-38 0.000000000000000000e+00 1.473632275622738994e-38
2.102874571377211304e+11 1.777928852950633197e-38 0.000000000000000000e+00 1.209396032418958329e-38
2.247855344346268005e+11 1.459113688255625014e-38 0.000000000000000000e+00 9.925292018833914665e-39
2.402831684724244995e+11 1.197455122536295897e-38 0.000000000000000000e+00 8.145418596428871037e-39
2.568492727806673279e+11 9.827085683773869904e-39 0.000000000000000000e+00 6.684653559940436081e-39
2.745575120694677734e+11 8.064652201260333529e-39 0.000000000000000000e+00 5.485797904036760013e-39
2.934866297953164062e+11 6.618231690644645476e-39 0.000000000000000000e+00 4.501902950172379225e-39
3.137207983106271362e+11 5.431174247111524208e-39 0.000000000000000000e+00 3.694433877335294475e-39
3.353499931540249634e+11 4.456982942887989826e-39 0.000000000000000000e+00 3.031762198325366018e-39
3.584703931457357178e+11 3.657494606736858217e-39 0.000000000000000000e+00 2.487928276005156351e-39
3.831848080671893921e+11 3.001386494698502597e-39 0.000000000000000000e+00 2.041625519727701922e-39
4.096031358266036377e+11 2.462950487000807594e-39 0.000000000000000000e+00 1.675366560410854287e-39
4.378428511434323120e+11 2.021086896243522754e-39 0.000000000000000000e+00 1.374798811231583439e-39
4.680295279247189331e+11 1.658478551540908498e-39 0.000000000000000000e+00 1.128142656977966698e-39
5.002973976562117920e+11 1.360912867030488690e-39 0.000000000000000000e+00 9.257303064310429848e-40
5.347899462912460327e+11 1.116725385890858730e-39 0.000000000000000000e+00 7.596272757239712459e-40
5.716605522915870361e+11 9.163430384453264201e-40 0.000000000000000000e+00 6.233216999607814094e-40
6.110731686574185791e+11 7.519092503653993718e-40 0.000000000000000000e+00 5.114693215208633091e-40
6.532030519792667236e+11 6.169762365759576050e-40 0.000000000000000000e+00 4.196841799228409301e-40
6.982375417537468262e+11 5.062524431223653186e-40 0.000000000000000000e+00 3.443668148466643657e-40
7.463768934285233154e+11 4.153952555533835364e-40 0.000000000000000000e+00 2.825632606828899781e-40
7.978351688807971191e+11 3.408408625108802158e-40 0.000000000000000000e+00 2.318493150740041542e-40
8.528411882890213623e+11 2.796646163347476771e-40 0.000000000000000000e+00 1.902355523630198655e-40
9.116395476305457764e+11 2.294664253509077612e-40 0.000000000000000000e+00 1.560893642803459169e-40
9.744917063297100830e+11 1.882766917131525945e-40 0.000000000000000000e+00 1.280709762806107945e-40
1.041677149892845825e+12 1.544791124749555194e-40 0.000000000000000000e+00 1.050809347116212664e-40
1.113494632700087646e+12 1.267473213851637459e-40 0.000000000000000000e+00 8.621700882380800814e-41
1.190263506480337891e+12 1.039928905181155305e-40 0.000000000000000000e+00 7.073882005101820116e-41
1.272325140376725342e+12 8.532265543383889769e-41 0.000000000000000000e+00 5.803881341251839426e-41
1.360044438917186523e+12 7.000369249665114735e-41 0.000000000000000000e+00 4.761843412329023014e-41
1.453811464640144287e+12 5.743457652788726230e-41 0.000000000000000000e+00 3.906857626007522739e-41
1.554043172590640137e+12 4.712179284290252867e-41 0.000000000000000000e+00 3.205353758115582073e-41
1.661185264399720215e+12 3.866037953876328673e-41 0.000000000000000000e+00 2.629785187882861143e-41
1.775714170191637207e+12 3.171804155001466062e-41 0.000000000000000000e+00 2.157548292386731944e-41
1.898139167131842773e+12 2.602211395484760629e-41 0.000000000000000000e+00 1.770095654835550576e-41
2.029004644036338623e+12 2.134886361160005846e-41 0.000000000000000000e+00 1.452208332502914352e-41
2.168892522112461670e+12 1.751470980183761872e-41 0.000000000000000000e+00 1.191398660759571496e-41
2.318424842595435059e+12 1.436901973520465819e-41 0.000000000000000000e+00 9.774201835279369129e-42
2.478266532787168457e+12 1.178819647470606228e-41 0.000000000000000000e+00 8.018654977236322962e-42
2.649128362797084473e+12 9.670827483931537879e-42 0.000000000000000000e+00 6.578362441143065174e-42
2.831770106132750000e+12 7.933703562170692371e-42 0.000000000000000000e+00 5.396723043531040526e-42
3.027003918194548828e+12 6.508552046442371724e-42 0.000000000000000000e+00 4.427295844092056581e-42
3.235697947697599121e+12 5.339356156692474203e-42 0.000000000000000000e+00 3.631976690663962368e-42
3.458780197079861328e+12 4.380155338010107014e-42 0.000000000000000000e+00 2.979501951597628505e-42
3.697242649062573730e+12 3.593240311437550899e-42 0.000000000000000000e+00 2.444220739749196188e-42
3.952145677712637207e+12 2.947672021331178239e-42 0.000000000000000000e+00 2.005087459801341462e-42
4.224622763621683594e+12 2.418066368432129330e-42 0.000000000000000000e+00 1.644835150323496531e-42
4.515885534168866211e+12 1.983597041353885780e-42 0.000000000000000000e+00 1.349297182364802111e-42
4.827229151279989258e+12 1.627177313439581179e-42 0.000000000000000000e+00 1.106850695206424455e-42
5.160038070640781250e+12 1.334788692041192780e-42 0.000000000000000000e+00 9.079599251641889093e-43
5.515792197973878906e+12 1.094930068303533813e-42 0.000000000000000000e+00 7.448015021438437123e-43
5.896073469754734375e+12 8.981657432651174936e-43 0.000000000000000000e+00 6.109570045824655857e-43
6.302572887628979492e+12 7.367545858084707582e-43 0.000000000000000000e+00 5.011607025019567883e-43
6.737098037811302734e+12 6.043457617775583367e-43 0.000000000000000000e+00 4.110925840986317717e-43
7.201581128902421875e+12 4.957290862381721615e-43 0.000000000000000000e+00 3.372085384947447717e-43
7.698087583866044922e+12 4.066301948183273193e-43 0.000000000000000000e+00 2.766010256590892188e-43
8.228825224371850586e+12 3.335424893937089480e-43 0.000000000000000000e+00 2.268847612470208796e-43
8.796154088344642578e+12 2.735892570676033972e-43 0.000000000000000000e+00 1.861029261440290848e-43
9.402596924375484375e+12 2.244105460535590250e-43 0.000000000000000000e+00 1.526502163344339556e-43
1.005085040966046484e+13 1.840703541667173624e-43 0.000000000000000000e+00 1.252097099643399660e-43
1.074379714135003125e+13 1.509804832977508093e-43 0.000000000000000000e+00 1.027010710636499420e-43
1.148451845463099414e+13 1.238380677740951416e-43 0.000000000000000000e+00 8.423805462173873022e-44
1.227630812453952344e+13 1.015743215865144671e-43 0.000000000000000000e+00 6.909364304342546908e-44
1.312268701243316016e+13 8.331249014866998769e-44 0.000000000000000000e+00 5.667144378107615900e-44
1.402741872225052539e+13 6.833335385681138423e-44 0.000000000000000000e+00 4.648222390854190021e-44
1.499452633617758398e+13 5.604692741729473599e-44 0.000000000000000000e+00 3.812465922652512420e-44
1.602831030413919727e+13 4.596924235683304618e-44 0.000000000000000000e+00 3.126954108843807854e-44
1.713336756666537305e+13 3.770329988044367688e-44 0.000000000000000000e+00 2.564682001129370923e-44
1.831461199616612500e+13 3.092344513672866433e-44 0.000000000000000000e+00 2.103497662182515209e-44
1.957729624751143750e+13 2.536254842418776576e-44 0.000000000000000000e+00 1.725230196098183208e-44
2.092703511507953516e+13 2.080148920592972692e-44 0.000000000000000000e+00 1.414974422193919372e-44
2.236983050013562109e+13 1.706052932615924352e-44 0.000000000000000000e+00 1.160504057503879182e-44
2.391209809956377734e+13 1.399223609543514605e-44 0.000000000000000000e+00 9.517903256030048669e-45
2.556069593462923438e+13 1.147567685017804662e-44 0.000000000000000000e+00 7.806070546014575306e-45
2.732295484663014062e+13 9.411656588978501070e-45 0.000000000000000000e+00 6.402067280875831222e-45
2.920671109504430469e+13 7.718811308045140123e-45 0.000000000000000000e+00 5.250547430763577886e-45
3.122034120312548047e+13 6.330403312248138611e-45 0.000000000000000000e+00 4.306114182656390766e-45
3.337279920589758203e+13 5.191692389006038218e-45 0.000000000000000000e+00 3.531531740644937162e-45
3.567365646617792969e+13 4.257779384732632258e-45 0.000000000000000000e+00 2.896258467410033029e-45
3.813314423567995312e+13 3.491837307943990710e-45 0.000000000000000000e+00 2.375243631977447288e-45
4.076219915045247656e+13 2.863660329858012760e-45 0.000000000000000000e+00 1.947940400077420707e-45
4.357251186296050000e+13 2.348473561708460420e-45 0.000000000000000000e+00 1.597496211987001794e-45
4.657657902706062500e+13 1.925956749759822993e-45 0.000000000000000000e+00 1.310088673067232780e-45
4.978775886703327344e+13 1.579443447587135790e-45 0.000000000000000000e+00 1.074380808755029275e-45
5.322033057777117188e+13 1.295264131580886379e-45 0.000000000000000000e+00 8.810742336898265889e-46
5.688955782025986719e+13 1.062207391424651506e-45 0.000000000000000000e+00 7.225426386793298068e-46
6.081175659469625000e+13 8.710779752833418979e-46 0.000000000000000000e+00 5.925311608993077124e-46
6.500436779305750781e+13 7.143342824347396665e-46 0.000000000000000000e+00 4.859097964261484701e-46
6.948603475374082031e+13 5.857910240526187152e-46 0.000000000000000000e+00 3.984711419358167390e-46
7.427668616313723438e+13 4.803753388496550889e-46 0.000000000000000000e+00 3.267644978664491203e-46
7.939762467277885938e+13 3.939267552591704345e-46 0.000000000000000000e+00 2.679597972008067931e-46
8.487162162611482812e+13 3.230331185935479670e-46 0.000000000000000000e+00 2.197359986135549484e-46
9.072301831613845312e+13 2.648960181071067058e-46 0.000000000000000000e+00 1.801895462637001236e-46
9.697783422412932812e+13 2.172204108520463365e-46 0.000000000000000000e+00 1.477592889101818608e-46
1.036638827208170000e+14 1.781240923758722506e-46 0.000000000000000000e+00 1.211648993940869543e-46
1.108108947444560312e+14 1.460634461816418747e-46 0.000000000000000000e+00 9.935636738239189359e-47
1.184506510057733594e+14 1.197725452338734780e-46 0.000000000000000000e+00 8.147257453984792628e-47
1.266171233076653750e+14 9.821320489002475195e-47 0.000000000000000000e+00 6.680731916129392611e-47
1.353466256080528750e+14 8.053401818148464888e-47 0.000000000000000000e+00 5.478145084478707706e-47
1.446779754976270312e+14 6.603675834963945482e-47 0.000000000000000000e+00 4.492001657395962548e-47
1.546526668105316250e+14 5.414882389974949342e-47 0.000000000000000000e+00 3.683351708693388672e-47
1.653150541355315000e+14 4.440063960192958511e-47 0.000000000000000000e+00 3.020253441656065827e-47
1.767125500481355938e+14 3.640712222388098337e-47 0.000000000000000000e+00 2.476512437282343693e-47
1.888958359407092500e+14 2.985248001828686218e-47 0.000000000000000000e+00 2.030647673671834443e-47
2.019190873880765625e+14 2.447774642050676494e-47 0.000000000000000000e+00 1.665043533906821479e-47
2.158402150507490625e+14 2.007055621677709889e-47 0.000000000000000000e+00 1.365254352935902597e-47
2.307211221870082500e+14 1.645676086653259446e-47 0.000000000000000000e+00 1.119434068771745743e-47
2.466279799189240312e+14 1.349355218846579074e-47 0.000000000000000000e+00 9.178684767326738551e-48
2.636315214763385625e+14 1.106382310620083027e-47 0.000000000000000000e+00 7.525916318765097291e-48
2.818073567272333125e+14 9.071542940043422557e-48 0.000000000000000000e+00 6.170712636447300836e-48
3.012363083931062500e+14 7.437964748943996259e-48 0.000000000000000000e+00 5.059507888471571395e-48
3.220047714444118125e+14 6.098515048744661798e-48 0.000000000000000000e+00 4.148377417554568406e-48
3.442050972741929375e+14 5.000243152650734766e-48 0.000000000000000000e+00 3.401302712372244143e-48
3.679360043582133750e+14 4.099729458809035754e-48 0.000000000000000000e+00 2.788748567326637984e-48
3.933030172276801250e+14 3.361370118274856050e-48 0.000000000000000000e+00 2.286496266589432839e-48
4.204189357065398125e+14 2.755970368426411271e-48 0.000000000000000000e+00 1.874686730859676553e-48
4.494043364999135000e+14 2.259590997615294795e-48 0.000000000000000000e+00 1.537035850939875457e-48
4.803881093640898125e+14 1.852602396824670973e-48 0.000000000000000000e+00 1.260191027695651515e-48
5.135080302422696875e+14 1.518908847292350465e-48 0.000000000000000000e+00 1.033203511193835174e-48
5.489113739146335000e+14 1.245312412562637849e-48 0.000000000000000000e+00 8.470957026069217334e-49
5.867555688870093750e+14 1.020991314280991791e-48 0.000000000000000000e+00 6.945063311034160024e-49
6.272088974302446250e+14 8.370721906083242191e-49 0.000000000000000000e+00 5.693994922743192942e-49
6.704512438831540000e+14 6.862793426904556597e-49 0.000000000000000000e+00 4.668260559490304257e-49
7.166748945465341250e+14 5.626471143968919268e-49 0.000000000000000000e+00 3.827280189948471670e-49
7.660853927251417500e+14 4.612840434709663056e-49 0.000000000000000000e+00 3.137780744522576695e-49
8.189024527197635000e+14 3.781794666721816136e-49 0.000000000000000000e+00 2.572480590416255721e-49
8.753609368336366250e+14 3.100449381137871212e-49 0.000000000000000000e+00 2.109010815613368647e-49
9.357118997376877500e+14 2.541841949678610041e-49 0.000000000000000000e+00 1.729030699893106110e-49
1.000223704838582750e+15 2.083865322904639709e-49 0.000000000000000000e+00 1.417502421108579902e-49
1.069183217613754875e+15 1.708393734147779876e-49 0.000000000000000000e+00 1.162096334990465867e-49
1.142897081219831000e+15 1.400565806698466226e-49 0.000000000000000000e+00 9.527033249680968891e-50
1.221693080046718500e+15 1.148196730406199635e-49 0.000000000000000000e+00 7.810349485498985307e-50
1.305921597280687750e+15 9.412962734102912223e-50 0.000000000000000000e+00 6.402955756659664851e-50
1.395957172957815000e+15 7.716735765919224432e-50 0.000000000000000000e+00 5.249135590009638831e-50
1.492200169436001000e+15 6.326131076419473249e-50 0.000000000000000000e+00 4.303208090518805685e-50
1.595078551691440750e+15 5.186089637836537064e-50 0.000000000000000000e+00 3.527720595433034908e-50
1.705049790356015750e+15 4.251470182266825395e-50 0.000000000000000000e+00 2.891966774625357159e-50
1.822602895957862500e+15 3.485262964288770412e-50 0.000000000000000000e+00 2.370771582874252258e-50
1.948260593410809500e+15 2.857125188932240793e-50 0.000000000000000000e+00 1.943495017747407457e-50
2.082581646422004500e+15 2.342180187756538816e-50 0.000000000000000000e+00 1.593215286192164127e-50
2.226163342153715000e+15 1.920032852542781903e-50 0.000000000000000000e+00 1.306059075494272020e-50
2.379644147187868000e+15 1.573962386019350393e-50 0.000000000000000000e+00 1.070652440152133493e-50
2.543706546603655000e+15 1.290260439899775898e-50 0.000000000000000000e+00 8.776705851936903568e-51
2.719080078792749000e+15 1.057688459321955039e-50 0.000000000000000000e+00 7.194687369612146487e-51
2.906544579507101500e+15 8.670327666883395902e-51 0.000000000000000000e+00 5.897794989208299289e-51
3.106933649564658000e+15 7.107397831938370097e-51 0.000000000000000000e+00 4.834647193280035198e-51
3.321138361632888000e+15 5.826169557425318441e-51 0.000000000000000000e+00 3.963120535029612280e-51
3.550111222573129000e+15 4.775875557569066280e-51 0.000000000000000000e+00 3.248681712468438217e-51
3.794870408965159500e+15 3.914896472900034198e-51 0.000000000000000000e+00 2.663020094307305523e-51
4.056504294646151000e+15 3.209112690911224788e-51 0.000000000000000000e+00 2.182926583103900188e-51
4.336176290396678000e+15 2.630553079177428850e-51 0.000000000000000000e+00 1.789374446421108605e-51
4.635130017294468000e+15 2.156287150669779229e-51 0.000000000000000000e+00 1.466765737249904134e-51
4.954694836740318000e+15 1.767516812608752986e-51 0.000000000000000000e+00 1.202313476636167403e-51
